;IDAHO	     1600.0    4000.0   2.5    0.0 0.0 -0.1  75  0.70 0.8  0.52 	5 165.0 16.0 9.0 R P 	6.2   0.60 0 30.0  	1.1  0.12  5.0   0.36 -0.15 0.5  0.0		0.22 0.54 19000 	0			10000001	0  0	0
;INFERNUS     1400.0    2725.3   1.5    0.0 0.0 -0.25 70  0.70 0.8  0.50 	5 240.0 30.0 10.0 4 P 	11.0  0.51 0 30.0  	1.2  0.19  0.0   0.25 -0.10 0.5  0.4		0.37 0.72 95000 	40002004	C04000		1  1	1
;VOODOO       1800.0    4411.5   2.0    0.0 -0.1 -0.2 70  0.95 0.80 0.45 	5 160.0 23.0 5.0  R P 	6.50  0.50 0 30.0  	1.0  0.08  0.0   0.20 -0.25 0.5  0.6		0.26 0.41 30000 	0			2410008		1  1	0
;CHEETAH      1200.0    3000.0   2.0    0.0 -0.2 -0.2  70 0.80 0.9  0.50  	5 230.0 30.0 10.0 R P 	11.1  0.48 0 35.0  	0.8  0.20  0.0   0.10 -0.15 0.5  0.6		0.40 0.54 105000 	c0002004	208000		0  0	1
;LANDSTAL     1700.0    5008.3   2.5	   0.0 0.0 -0.3  85  0.75 0.85 0.5  	5 160.0 25.0 20.0 4 D 	6.2   0.60 0 35.0  	2.4  0.08  0.0   0.28 -0.14 0.5  0.25		0.27 0.23 25000 	20			500002		0  1	0
;LANDSTAL     2000.0    5500.0   2.5	   0.0 0.0 -0.35  85  0.70 0.85 0.5  	5 160.0 20.0 10.0 4 D 	7.0   0.45 0 35.0  	1.6  0.08  0.0   0.28 -0.25 0.5  0.25		0.27 0.23 25000 	C00B		0  1
;LANDSTAL2    2000.0    5500.0   2.5	   0.0 0.0 -0.35  85  0.80 0.85 0.51  	5 160.0 25.0 20.0 4 D 	7.0   0.45 0 35.0  	2.4  0.08  0.0   0.28 -0.14 0.5  0.25		0.27 0.23 25000 	20			500002		0  1	0
;SABRE        1700.0    4000.0   2.0    0.0 0.1  0.0  70  0.70 0.80 0.53 	4 160.0 24.0 10.0 R P 	8.0   0.52 0 35.0  	1.3  0.08  5.0   0.30 -0.20 0.5  0.25		0.25  0.52 19000 	0			10000006	1  1	0
;SENTINEL     1400.0    3400.0   2.2    0.0 0.0 -0.2  75  0.65 0.75 0.5  	5 165.0 24.0 10.0 R P 	10.0  0.5  0 27.0  	1.0  0.08  0.0   0.30 -0.20 0.5  0.3		0.2  0.56 35000 	0			400000		0  1	0
;BANSHEE      1400.0    3000.0   2.0    0.0 0.0 -0.20 70  0.75 0.89 0.50 	6 235.0 33.0 10.0 R P 	8.0   0.52 0 34.0  	1.6  0.10  5.0   0.30 -0.15 0.5  0.3		0.15 0.49 45000 	2004		200000		1  1	1
;YARDIE          1800.0 2.1 5.0 1.6 0.0 0.0  0.0  70  0.80 0.79 0.52 5 160.0 22.0 R P 6.20  0.55 0 25.0  1.8  0.07 0.36 0.45 30000 0.30 -0.15 0.5  8103		1  1
;VOODOO          1800.0 2.1 5.0 1.8 0.0 -0.1 -0.2 70  0.95 0.80 0.45 5 160.0 23.0 R P 6.50  0.50 0 30.0  1.6  0.05 0.36 0.41 30000 0.30 -0.28 0.5  0.6		8002		1  1
;STALLION     1600.0    3921.3   2.0    0.0 0.0 -0.15 70  0.80 0.75 0.55 	4 160.0 23.0 5.0  R P 	8.17  0.52 0 35.0  	1.2  0.1   0.0   0.30 -0.2  0.5  0.0		0.3  0.64 19000 	2800		4			1  1	0
;DIABLOS         1500.0 2.2 4.5 1.9 0.0 0.0  0.1  70  0.9  0.80 0.53 5 180.0 30.0 R P 6.1   0.52	0 30.0  1.5  0.07 0.3  0.65 45000 0.33 -0.09 0.5  9102		1  1
;PREVION2      1400.0    3000.0   2.4    0.0 0.3 -0.15 75  0.65 0.85 0.49  	5 165.0 25.0 6.0  F P 	8.0   0.5  0 35.0  	1.0  0.20  0.0   0.28 -0.12 0.5  0.0		0.21 0.50 9000  	0			0			0  0	0
;SUPERGT      1550.0    3100.0   2.0    0.0 -0.2 -0.25 65 0.80 0.8  0.53 	5 230.0 24.0 10.0  R P 	7.0   0.52 0 30.0  	1.0  0.20  0.0   0.25 -0.10 0.5  0.3		0.40 0.54 105000 	40002004	208000		0  0	1
;BLOODRC      3000.0    6866.7   2.0    0.0 0.0  0.0  75  0.80 0.70 0.52 	5 185.0 30.0 5.0  R P 	6.2   0.55 0 35.0  	1.0  0.06  3.0   0.35 -0.17 0.5  0.0		0.28 0.30   500 	100			10800200	1  1	0
;BLOODRD      3000.0    6866.7   2.0    0.0 0.0  0.0  75  0.80 0.70 0.52 	5 185.0 30.0 5.0  R P 	6.2   0.55 0 35.0  	1.0  0.06  3.0   0.35 -0.17 0.5  0.0		0.28 0.30   500 	100			10800200	1  1	0
;BLOODRE      3000.0    6866.7   2.0    0.0 0.0  0.0  75  0.80 0.70 0.52 	5 185.0 30.0 5.0  R P 	6.2   0.55 0 35.0  	1.0  0.06  3.0   0.35 -0.17 0.5  0.0		0.28 0.30   500 	100			10800200	1  1	0 
;ANGEL		  800.0     410.3   3.6    0.0 0.15	0.0 103  1.2 0.86 0.52 		4 185.0	45.0 5.0  R P 	12.0  0.55 0 35.0  	0.65 0.20  0.3   0.09 -0.11 0.55 0.0		0.0  0.24 10000 	1002000		0			1  1	6
;COLUMB       2500.0    8000.0   2.6    0.0 0.2 -0.4  75  0.65 0.85 0.52 	4 165.0 25.0 25.0 4 P 	5.0   0.60 0 30.0 	0.8  0.1   0.0   0.27 -0.20 0.5  0.2		0.24 0.48 18000 	1			400000		1  1	0
;SHELBY       1800.0    3000.0   2.2    0.0 0.05  0.0  65  0.60 0.75 0.50 	4 185.0 22.0 5.0 R P 	8.0   0.45 0 30.0  	1.6  0.10  5.0   0.30 -0.15 0.5  0.3		0.25  0.52 19000 	40280000	10008004	1  1	0
;KURUMA       1500.0    3800.0   1.9    0.0 0.2 -0.35 75  0.70 0.8  0.48  	5 180.0 17.0 5.0  F P 	7.17  0.80 0 30.0  	1.1  0.10  5.0   0.31 -0.18 0.5  0.2		0.26 0.50 18000  	0			400000		1  1	0
;PHOBOS       1800.0    4500.0   2.3    0.0 0.0 -0.2  75  0.65 0.9  0.47  	5 185.0 25.0 5.0  R P 	8.0   0.5  0 35.0  	1.3  0.15  0.0   0.28 -0.10 0.5  0.3		0.25 0.60 35000 	c0002800	4000001		1  1	0
;FORELLI      1500.0    3800.0   1.9    0.0 0.2 -0.35 75  0.70 0.8  0.48  	5 180.0 17.0 5.0  F P 	7.17  0.80 0 30.0  	1.1  0.10  5.0   0.31 -0.18 0.5  0.2		0.26 0.50 18000  	0			400000		1  1	0
