; vc
;STINGER         1400.0 1.9 4.7 1.5 0.0 0.0 -0.30 85  1.2  0.85 0.52 5 200.0 28.0 F P 11.0  0.45 0 30.0  1.8  0.20 0.25 0.50 35000 0.28 -0.15 0.5  0.4		A102		1  1
; vc (sa adopted)
;STINGER         1400.0 1.9 4.7 1.5 0.0 0.0 -0.30 85  1.2  0.85 0.52 	5 200.0 28.0 5.0  F P 	11.0  0.45 0 30.0  1.8  0.20 0.25 0.50 35000 0.28 -0.15 0.5  0.4		2800		400000		1  1
; vcs
;stinger	1400.0	2800.0	2.0	0.0	-0.2	-0.24	70	0.75	0.86	0.48	5	230.0	26.0	5.0	R	P	8.0	0.52	0	30.0	1.0	0.2	0.0	0.25	-0.1	0.5	0.3	0.4	0.54	105000	2800	0	0
; sa
;SUPERGT      1400.0    2800.0   2.0    0.0 -0.2 -0.24 70 0.75 0.86 0.48 	5 230.0 26.0 5.0  R P 	8.0   0.52 0 30.0  	1.0  0.20  0.0   0.25 -0.10 0.5  0.3		0.40 0.54 105000 	40002004	208000		0  0	1
; current 
SUPERGT      1550.0    3100.0   2.0    0.0 -0.2 -0.25 65 0.80 0.8  0.53 	5 230.0 24.0 10.0  R P 	7.0   0.52 0 30.0  	1.0  0.20  0.0   0.25 -0.10 0.5  0.3		0.40 0.54 105000 	40002004	208000		0  0	1
; sa++
;STINGE2		 1600.0    3100.0   2.0    0.0 0.0 -0.30 85  0.75 0.85 0.52 	5 200.0 28.0 5.0  F P 	8.0   0.45 0 30.0  	1.0  0.20  0.0   0.28 -0.15 0.5  0.4		0.40 0.54 35000 	40002004	208000		1  1	19
; current
STINGER		 1400.0    2800.0   2.0    0.0 0.0 -0.30 85  0.75 0.85 0.52 	5 200.0 28.0 5.0  F P 	8.0   0.45 0 30.0  	1.0  0.20  0.0   0.28 -0.15 0.5  0.4		0.40 0.54 35000 	40002004	208000		1  1	19
