;
;
; Title		:	Object.dat
; Author	:	Richard Jobling
; Date		:	03/02/00
;
;	09/05/2001	- Andrzej:	- some new Collision Damage Effect numbers added;
;	14/07/2001	- Andrzej:	- smash_barpost_completely added;
;	
;
;
; (A) Object Name		[256 chars max]
; (B) Mass				[kilograms 1 to 50000]
; (C) TurnMass			[kg m^3 or some such dimension] 
; (D) Air Resistance	[scale 0 (total resistance) to 1 (zero resistance)]
; (E) Elasticity		[scale 0 (no bounce) to 1 (full bounce)]
; (F) Percent Submerged	[percentage 10 to 120]
; (G) Uproot Limit		[force magnitude required to uproot]
; (H) Collision Damage Multiplier	[0.1 - 5.0 ish]
;
; (I) Collision Damage Effect [uint8 integer 0 - 4]
;		0:none 
;		1:change_model
;		2:split_model
;		3:smash_and_damage_trafficlights
;		20:smash_completely
;		21:change_then_smash
;
;		50:smash_cardbox_completely		(only for cardbox1 & cardbox4)
;		51:smash_yellow_target_completely(bankjob2's targets)
;		60:smash_woodenbox_completely	(only for woodenbox);
;		70:smash_trafficcone_completely	(only for trafficcone);
;		80:smash_barpost_completely		(only for smashbar);
;
;		91:smash_newstandnew1			(only for newstandnew);
;		92:smash_newstandnew2			(only for newstandnew);
;		93:smash_newstandnew3			(only for newstandnew);
;		94:smash_newstandnew4			(only for newstandnew);
;		95:smash_newstandnew5			(only for newstandnew);
;
;		100:smash_blackbag				(only for blackbag)
;		110:smash_vegpalm				(only for veg_palmXXX);
;
;		120:burst_beachball				(only for beachball);
;		131:smash_beachlounge_wood		(only for wood lounges);
;		132:smash_beachlounge_towel		(only for towel lounge);
;
;
;
; (J) Special Collision Response Cases [uint8 0 - 4] 0:none(default) 1:lampost 2:smallbox 3:bigbox 4:fencepart
; (K) Camera to avoid this object (0) for no (1) for yes
;
;
;
;A				B		C		D		E		F		G		H	I	J	K
;nbbridgfk2			99999.0,	99999.0		0.99,		0.1,		50.0,		125.0,		1.0,	0,	0,	0	
;damgbbridgerda			99999.0,	99999.0		0.99,		0.1,		50.0,		125.0,		1.0,	0,	0,	0
;damgbridgerdb 			99999.0,	99999.0		0.99,		0.1,		50.0,		125.0,		1.0,	0,	0,	0
;nbbridgcabls01			99999.0,	99999.0		0.99,		0.1,		50.0,		125.0,		1.0,	0,	0,	0
;nbbridgerdb			99999.0,	99999.0		0.99,		0.1,		50.0,		125.0,		1.0,	0,	0,	0
;nbbridgerda			99999.0,	99999.0		0.99,		0.1,		50.0,		125.0,		1.0,	0,	0,	0
;LODridgfk2			99999.0,	99999.0		0.99,		0.1,		50.0,		125.0,		1.0,	0,	0,	0
;LODgbbridgerda			99999.0,	99999.0		0.99,		0.1,		50.0,		125.0,		1.0,	0,	0,	0
;LODgbridgerdb			99999.0,	99999.0		0.99,		0.1,		50.0,		125.0,		1.0,	0,	0,	0
;LODridgcabls01			99999.0,	99999.0		0.99,		0.1,		50.0,		125.0,		1.0,	0,	0,	0
;LODridgerdb			99999.0,	99999.0		0.99,		0.1,		50.0,		125.0,		1.0,	0,	0,	0
;LODridgerda			99999.0,	99999.0		0.99,		0.1,		50.0,		125.0,		1.0,	0,	0,	0
magnet				99999.0,	99999.0		0.99,		0.1,		50.0,		125.0,		1.0,	0,	0,	0
coffee				2000.0,		2000.0		0.99,		0.1,		50.0,		99999.0,	0.52,	1,	0,	0
noodlesbox			99999.0,	99999.0		0.99,		0.1,		50.0,		125.0,		1.0,	0,	0,	0
adrenaline			99999.0,	99999.0		0.99,		0.1,		50.0,		125.0,		1.0,	0,	0,	0
info				99999.0,	99999.0		0.99,		0.1,		50.0,		125.0,		1.0,	0,	0,	0
health				99999.0,	99999.0		0.99,		0.1,		50.0,		125.0,		1.0,	0,	0,	0
subwaygate			99999.0,	99999.0		0.99,		0.1,		50.0,		125.0,		1.0,	0,	4,	0
tunnelentrance			99999.0,	99999.0		0.99,		0.1,		50.0,		125.0,		1.0,	0,	4,	0
bodyarmour			99999.0,	99999.0		0.99,		0.1,		50.0,		125.0,		1.0,	0,	0,	0
convstre_dmge01			99999.0,	99999.0		0.99,		0.1,		50.0,		125.0,		1.0,	0,	0,	0
double_garage_dr		99999.0,	99999.0		0.99,		0.1,		50.0,		125.0,		1.0,	0,	4,	1
glassfx1			9999.0,		99999.0		0.99,		0.1,		50.0,		125.0,		1.0,	0,	4,	0
glassfx2			9999.0,		99999.0		0.99,		0.1,		50.0,		125.0,		1.0,	0,	4,	0
glassfx3			9999.0,		99999.0		0.99,		0.1,		50.0,		125.0,		1.0,	0,	4,	0
glassfx4			9999.0,		99999.0		0.99,		0.1,		50.0,		125.0,		1.0,	0,	4,	0
glassfx55			9999.0,		99999.0		0.99,		0.1,		50.0,		125.0,		1.0,	0,	4,	0
glassfxsub1			9999.0,		99999.0		0.99,		0.1,		50.0,		125.0,		1.0,	0,	4,	0
glassfxsub2			9999.0,		99999.0		0.99,		0.1,		50.0,		125.0,		1.0,	0,	4,	0
glassfx_composh			9999.0,		99999.0		0.99,		0.1,		50.0,		125.0,		1.0,	0,	4,	0
mine				99999.0,	99999.0		0.99,		0.1,		50.0,		0.0,		1.0,	0,	0,	0
briefcase			99999.0,	99999.0		0.99,		0.1,		50.0,		0.0,		1.0,	0,	0,	0
;crushercrush			99999.0,	99999.0		0.99,		0.1,		50.0,		0.0,		1.0,	0,	0,	0
crushertop			99999.0,	99999.0		0.99,		0.1,		50.0,		0.0,		1.0,	0,	0,	0
Money				99999.0,	99999.0		0.99,		0.1,		50.0,		0.0,		1.0,	0,	0,	0
oddjgaragdoor			99999.0,	99999.0		0.99,		0.1,		50.0,		0.0,		1.0,	0,	4,	1
package1			99999.0,	99999.0		0.99,		0.1,		50.0,		0.0,		1.0,	0,	0,	0
bar_barrier10			250.0,		4500.0		0.99,		0.05,		50.0,		100.0,		1.0,	1,	4,	0
bar_barrier12			250.0,		4500.0		0.99,		0.05,		50.0,		100.0,		1.0,	1,	4,	0
;eitballsdoor			99999.0,	99999.0		0.99,		0.1,		50.0,		0.0,		1.0,	0,	4,	1
cs8_door			99999.0,	99999.0		0.99,		0.1,		50.0,		0.0,		1.0,	0,	4,	1
bombdoor			99999.0,	99999.0		0.99,		0.1,		50.0,		0.0,		1.0,	0,	4,	1
bankjobdoor			99999.0,	99999.0		0.99,		0.1,		50.0,		0.0,		1.0,	0,	4,	1
;fuzballdoor			99999.0,	99999.0		0.99,		0.1,		50.0,		0.0,		1.0,	0,	4,	1
;joeysdoor 			99999.0,	99999.0		0.99,		0.1,		50.0,		0.0,		1.0,	0,	4,	1
;Mistydoor			99999.0,	99999.0		0.99,		0.1,		50.0,		0.0,		1.0,	0,	4,	1
;fishfctory			99999.0,	99999.0		0.99,		0.1,		50.0,		0.0,		1.0,	0,	0,	0
;fshfctry_dstryd		99999.0,	99999.0		0.99,		0.1,		50.0,		0.0,		1.0,	0,	0,	0
fishoildrum,			2000.0,		4000.0		0.99,		0.1,		50.0,		1200.0,		1.0,	0,	0,	1
firedoor,			99999.0,	99999.0		0.99,		0.1,		50.0,		0.0,		1.0,	0,	4,	1
Electricgate,			99999.0,	99999.0		0.99,		0.1,		50.0,		0.0,		1.0,	0,	4,	0
warehousedoor,			99999.0,	99999.0		0.99,		0.1,		50.0,		0.0,		1.0,	0,	4,	1
lamppost1,			600.0,		4000.0		0.99,		0.05,		50.0,		150.0,		1.0,	1,	1,	0
lamppost2,			1250.0,		12500.0		0.99,		0.05,		50.0,		150.0,		1.0,	1,	1,	0
lamppost3,			700.0,		6000.0		0.99,		0.05,		50.0,		150.0,		1.0,	1,	1,	0
lampost_coast,			99999.0,	99999.0		0.99,		0.05,		50.0,		150.0,		1.0,	0,	0,	0
;trafficlight1,			1500.0,		12000.0		0.99,		0.05,		50.0,		250.0,		1.0,	1,	1,	0
trafficlight1,			500.0,		3000.0		0.99,		0.01,		50.0,		1200.0,		1.0,	3,	0,	0
parkingmeter,			60.0,		100.0		0.99,		0.05,		50.0,		100.0,		1.0,	1,	1,	0
wastebin,			10.0,		10.0		0.97,		0.1,		120.0,		0.0,		1.0,	1,	0,	0
rubble01,			200.0,		400.0		0.97,		0.05,		120.0,		0.0,		1.0,	0,	0,	0
rubble02,			100.0,		150.0		0.97,		0.05,		120.0,		0.0,		1.0,	0,	0,	0
bin1,				200.0,		140.0		0.99,		0.05,		50.0,		100.0,		1.0,	1,	0,	0
postbox1,			200.0,		150.0		0.99,		0.03,		50.0,		100.0,		1.0,	1,	0,	0
fire_hydrant,			150.0,		50.0		0.99,		0.03,		50.0,		100.0,		1.0,	1,	0,	0
bollardlight			150.0,		50.0		0.99,		0.03,		50.0,		100.0,		1.0,	0,	0,	0
trafficcone,			25.0,		50.0		0.99,		0.03,		50.0,		10.0,		2.0,	70,	2,	0
barrel1,			50.0,		50.0		0.99,		0.05,		50.0,		0.0,		1.0,	0,	0,	0
barrel2,			250.0,		150.0		0.99,		0.05,		50.0,		0.0,		1.0,	0,	0,	0
barrel3,			100.0,		100.0		0.99,		0.05,		50.0,		0.0,		1.0,	0,	0,	0
barrel4,			100.0,		100.0		0.99,		0.05,		50.0,		0.0,		1.0,	0,	0,	0
dump1,				900.0,		900.0		0.99,		0.05,		50.0,		0.0,		1.0,	1,	0,	0
adboard1,			1250.0,		2500.0		0.99,		0.05,		50.0,		0.0,		1.0,	0,	0,	0
palette,			50.0,		150.0		0.99,		0.05,		50.0,		0.0,		1.0,	1,	0,	0
roadworkbarrier1,		30.0,		50.0		0.99,		0.04,		50.0,		0.0,		1.0,	0,	0,	0
woodenbox,			250.0,		250.0		0.99,		0.04,		50.0,		0.0,		1.5,	60,	0,	0
bussign1,			30.0,		50.0		0.99,		0.05,		50.0,		200.0,		1.0,	0,	1,	0
noparkingsign1,			30.0,		50.0		0.99,		0.05,		50.0,		200.0,		1.0,	0,	1,	0
phonesign,			30.0,		50.0		0.99,		0.05,		50.0,		200.0,		1.0,	0,	1,	0
parkbench1,			50.0,		100.0		0.99,		0.05,		50.0,		5.0,		1.0,	1,	0,	0
taxisign,			30.0,		50.0		0.99,		0.05,		50.0,		200.0,		1.0,	0,	1,	0
doublestreetlght1,		700.0,		7000.0		0.99,		0.05,		50.0,		200.0,		1.0,	1,	1,	0
parktable1,			250.0,		500.0		0.99,		0.05,		50.0,		0.0,		1.0,	1,	0,	0
cardboardbox2,			20.0,		20.0		0.99,		0.03,		50.0,		0.0,		4.0,	50,	2,	0
cardboardbox4,			40.0,		80.0		0.99,		0.04,		50.0,		0.0,		2.5,	50,	2,	0
cardboardbox,			10.0,		10.0		0.99,		0.03,		50.0,		0.0,		2.5,	50,	2,	0
Gdyn_barrier17,			150.0,		3000.0		0.99,		0.05,		50.0,		350.0,		1.0,	1,	4,	0
;lhouse_barrier,		250.0,		1500.0		0.99,		0.05,		50.0,		350.0,		1.0,	1,	4,	0
;lhouse_barrier1,		250.0,		1500.0		0.99,		0.05,		50.0,		350.0,		1.0,	1,	1,	0
;lhouse_barrier2,		250.0,		1500.0		0.99,		0.05,		50.0,		350.0,		1.0,	1,	4,	0
;lhouse_barrier3,		250.0,		1500.0		0.99,		0.05,		50.0,		350.0,		1.0,	1,	4,	0
fshcrte01,			1250.0,		2500.0		0.99,		0.05,		50.0,		0.0,		1.0,	0,	0,	0
fish01,				20.0,		20.0		0.99,		0.05,		50.0,		0.0,		1.0,	0,	0,	0
fishstall03,			1250.0,		2500.0		0.99,		0.05,		50.0,		0.0,		1.0,	1,	0,	0
fishstall04,			1250.0,		2500.0		0.99,		0.05,		50.0,		0.0,		1.0,	1,	0,	0
crbaskt02,			250.0,		250.0		0.99,		0.05,		50.0,		0.0,		1.0,	0,	0,	0
strtbarrier01,			1250.0,		2500.0		0.99,		0.05,		50.0,		0.0,		1.0,	0,	0,	0
papermachn01			50.0,		50.0		0.99,		0.04,		50.0,		0.0,		1.0,	1,	0,	0
;---- weapons ---- edited (twice) by Eddie
grenade, 			1250.0,		2500.0		0.99,		0.05,		50.0,		0.0,   		1.0,	0,	0,	0
bat, 				1250.0,		2500.0		0.99,		0.05,		50.0,		0.0,   		1.0,	0,	0,	0
glock17, 			1250.0,		2500.0		0.99,		0.05,		50.0,		0.0,   		1.0,	0,	0,	0
molotov, 			1250.0,		2500.0		0.99,		0.05,		50.0,		0.0,   		1.0,	0,	0,	0
;rocket, 			1250.0,		2500.0		0.99,		0.05,		50.0,		0.0,   		1.0,	0,	0,	0
chromegun, 			1250.0,		2500.0		0.99,		0.05,		50.0,		0.0,   		1.0,	0,	0,	0
sniper, 			1250.0,		2500.0		0.99,		0.05,		50.0,		0.0,   		1.0,	0,	0,	0
uzi, 				1250.0,		2500.0		0.99,		0.05,		50.0,		0.0,   		1.0,	0,	0,	0
;m16, 				1250.0,		2500.0		0.99,		0.05,		50.0,		0.0,   		1.0,	0,	0,	0
flame, 				1250.0,		2500.0		0.99,		0.05,		50.0,		0.0,   		1.0,	0,	0,	0
brassknuckle			1250.0,		2500.0		0.99,		0.05,		50.0,		0.0,   		1.0,	0,	0,	0
chisel				1250.0,		2500.0		0.99,		0.05,		50.0,		0.0,   		1.0,	0,	0,	0
hockeystick			1250.0,		2500.0		0.99,		0.05,		50.0,		0.0,   		1.0,	0,	0,	0
nitestick			1250.0,		2500.0		0.99,		0.05,		50.0,		0.0,   		1.0,	0,	0,	0
knifecur			1250.0,		2500.0		0.99,		0.05,		50.0,		0.0,   		1.0,	0,	0,	0
handaxe				1250.0,		2500.0		0.99,		0.05,		50.0,		0.0,   		1.0,	0,	0,	0
cleaver				1250.0,		2500.0		0.99,		0.05,		50.0,		0.0,   		1.0,	0,	0,	0
machete				1250.0,		2500.0		0.99,		0.05,		50.0,		0.0,   		1.0,	0,	0,	0
katana				1250.0,		2500.0		0.99,		0.05,		50.0,		0.0,   		1.0,	0,	0,	0
chnsaw				1250.0,		2500.0		0.99,		0.05,		50.0,		0.0,   		1.0,	0,	0,	0
teargas				1250.0,		2500.0		0.99,		0.05,		50.0,		0.0,   		1.0,	0,	0,	0
python				1250.0,		2500.0		0.99,		0.05,		50.0,		0.0,   		1.0,	0,	0,	0
ak47, 				1250.0,		2500.0		0.99,		0.05,		50.0,		0.0,   		1.0,	0,	0,	0
shotgspa			1250.0,		2500.0		0.99,		0.05,		50.0,		0.0,   		1.0,	0,	0,	0
buddyshot			1250.0,		2500.0		0.99,		0.05,		50.0,		0.0,   		1.0,	0,	0,	0
m4				1250.0,		2500.0		0.99,		0.05,		50.0,		0.0,   		1.0,	0,	0,	0
tec9				1250.0,		2500.0		0.99,		0.05,		50.0,		0.0,   		1.0,	0,	0,	0
ingramsl			1250.0,		2500.0		0.99,		0.05,		50.0,		0.0,   		1.0,	0,	0,	0
mp5k				1250.0,		2500.0		0.99,		0.05,		50.0,		0.0,   		1.0,	0,	0,	0
laser				1250.0,		2500.0		0.99,		0.05,		50.0,		0.0,   		1.0,	0,	0,	0
rocketla			1250.0,		2500.0		0.99,		0.05,		50.0,		0.0,   		1.0,	0,	0,	0
M60				1250.0,		2500.0		0.99,		0.05,		50.0,		0.0,   		1.0,	0,	0,	0
minigun				1250.0,		2500.0		0.99,		0.05,		50.0,		0.0,   		1.0,	0,	0,	0
minigun2			1250.0,		2500.0		0.99,		0.05,		50.0,		0.0,   		1.0,	0,	0,	0
camera				1250.0,		2500.0		0.99,		0.05,		50.0,		0.0,   		1.0,	0,	0,	0
;
door_bombshop			99999.0,	99999.0		0.99,		0.1,		50.0,		0.0,		1.0,	0,	4,	1
laundrtdoor1			99999.0,	99999.0		0.99,		0.1,		50.0,		0.0,		1.0,	0,	4,	1
;police_celhole			99999.0,	99999.0		0.99,		0.1,		50.0,		0.0,		1.0,	0,	4,	0
floatpackge1			100.0,		50.0		0.97,		0.5,		25.0,		0.0,		1.0,	0,	0,	0
door2_garage			99999.0,	99999.0		0.99,		0.1,		50.0,		0.0,		1.0,	0,	4,	1
donkeymag			99999.0,	99999.0		0.99,		0.1,		50.0,		0.0,		1.0,	0,	0,	0
bomb, 				1250.0,		2500.0		0.99,		0.05,		50.0,		0.0,		1.0,	0,	0,	0
ind_slidedoor			99999.0,	99999.0		0.99,		0.1,		50.0,		0.0,		1.0,	0,	4,	1
salvatordoor			99999.0,	99999.0		0.99,		0.1,		50.0,		0.0,		1.0,	0,	4,	1
backdoor			99999.0,	99999.0		0.99,		0.1,		50.0,		0.0,		1.0,	0,	4,	1
bankdoor			99999.0,	99999.0		0.99,		0.1,		50.0,		0.0,		1.0,	0,	4,	1
shedgaragedoor			99999.0,	99999.0		0.99,		0.1,		50.0,		0.0,		1.0,	0,	4,	1
;coffee				99999.0,	99999.0		0.99,		0.1,		50.0,		0.0,		1.0,	0,	0,	0
packagelarge			50.0,		50.0		0.97,		0.05,		10.0,		0.0,		1.0,	0,	2,	0	
files				25.0,		10.0		0.96,		0.1,		50.0,		0.0,		1.0,	0,	2,	0	
;bullion				50.0,		50.0		0.99,		0.05,		50.0,		0.0,		1.0,	0,	0,	0	
savecardoor			99999.0,	99999.0		0.99,		0.1,		50.0,		0.0,		1.0,	0,	4,	1
door_jmsgrage			99999.0,	99999.0		0.99,		0.1,		50.0,		0.0,		1.0,	0,	4,	1
door4_garage			99999.0,	99999.0		0.99,		0.1,		50.0,		0.0,		1.0,	0,	4,	1
door_col_compnd_01		99999.0,	99999.0		0.99,		0.1,		50.0,		0.0,		1.0,	0,	4,	1
door_col_compnd_02		99999.0,	99999.0		0.99,		0.1,		50.0,		0.0,		1.0,	0,	4,	1
door_col_compnd_03		99999.0,	99999.0		0.99,		0.1,		50.0,		0.0,		1.0,	0,	4,	1
door_col_compnd_04		99999.0,	99999.0		0.99,		0.1,		50.0,		0.0,		1.0,	0,	4,	1
door_col_compnd_05		99999.0,	99999.0		0.99,		0.1,		50.0,		0.0,		1.0,	0,	4,	1
;impex_door			99999.0,	99999.0		0.99,		0.1,		50.0,		0.0,		1.0,	0,	4,	1
SalvGarage			99999.0,	99999.0		0.99,		0.1,		50.0,		0.0,		1.0,	0,	4,	0
bouy,				1250.0,		2500.0		0.99,		0.05,		30.0,		0.0,		1.0,	0,	0,	0
;joey_door1			99999.0,	99999.0		0.99,		0.1,		50.0,		0.0,		1.0,	0,	4,	1
;joey_door2			99999.0,	99999.0		0.99,		0.1,		50.0,		0.0,		1.0,	0,	4,	1
;dogfoodoor01			99999.0,	99999.0		0.99,		0.1,		50.0,		0.0,		1.0,	0,	4,	1
leveldoor2			99999.0,	99999.0		0.99,		0.1,		50.0,		0.0,		1.0,	0,	4,	1
hangardoor1			99999.0,	99999.0		0.99,		0.1,		50.0,		0.0,		1.0,	0,	4,	1
hangardoor2			99999.0,	99999.0		0.99,		0.1,		50.0,		0.0,		1.0,	0,	4,	1
Airportdoor1			99999.0,	99999.0		0.99,		0.1,		50.0,		0.0,		1.0,	0,	4,	1
Airportdoor2			99999.0,	99999.0		0.99,		0.1,		50.0,		120.0,		1.0,	0,	4,	1
petrolpump			250.0,		150.0		0.99,		0.05,		50.0,		120.0,		1.0,	0,	0,	0
Columbiangate			99999.0,	99999.0		0.99,		0.1,		50.0,		0.0,		1.0,	0,	4,	0
door3_garage			99999.0,	99999.0		0.99,		0.1,		50.0,		0.0,		1.0,	0,	4,	1
amcogaragedoor			99999.0,	99999.0		0.99,		0.1,		50.0,		0.0,		1.0,	0,	4,	1
towergaragedoor1		99999.0,	99999.0		0.99,		0.1,		50.0,		0.0,		1.0,	0,	4,	1
towergaragedoor2		99999.0,	99999.0		0.99,		0.1,		50.0,		0.0,		1.0,	0,	4,	1
towergaragedoor3		99999.0,	99999.0		0.99,		0.1,		50.0,		0.0,		1.0,	0,	4,	1
plysve_gragedoor		99999.0,	99999.0		0.99,		0.1,		50.0,		0.0,		1.0,	0,	4,	1
playersdoor			99999.0,	99999.0		0.99,		0.1,		50.0,		0.0,		1.0,	0,	4,	1
impexpsubgrgdoor		99999.0,	99999.0		0.99,		0.1,		50.0,		0.0,		1.0,	0,	4,	1
Sub_sprayshopdoor		99999.0,	99999.0		0.99,		0.1,		50.0,		0.0,		1.0,	0,	4,	1
plysav_lftdr_rght		99999.0,	99999.0		0.99,		0.1,		50.0,		0.0,		1.0,	0,	4,	1
plysav_lftdr_lft		99999.0,	99999.0		0.99,		0.1,		50.0,		0.0,		1.0,	0,	4,	1
newtowerdoor1			99999.0,	99999.0		0.99,		0.1,		50.0,		0.0,		1.0,	0,	4,	1
ind_plyrwoor			99999.0,	99999.0		0.99,		0.1,		50.0,		0.0,		1.0,	0,	0,	0
line				99999.0,	99999.0		0.99,		0.1,		50.0,		0.0,		1.0,	0,	0,	0
faketarget			99999.0,	99999.0		0.99,		0.1,		50.0,		0.0,		1.0,	0,	0,	0
bribe				99999.0,	99999.0		0.99,		0.1,		50.0,		125.0,		1.0,	0,	0,	0
bonus				99999.0,	99999.0		0.99,		0.1,		50.0,		125.0,		1.0,	0,	0,	0
killfrenzy			99999.0,	99999.0		0.99,		0.1,		50.0,		125.0,		1.0,	0,	0,	0
camerapickup			99999.0,	99999.0		0.99,		0.1,		50.0,		125.0,		1.0,	0,	0,	0
smashbar			50.0,		3000.0		0.99,		0.05,		50.0,		1000.0,		0.7,	80,	4,	0
chnabankdoor			99999.0,	99999.0		0.99,		0.1,		50.0,		0.0,		1.0,	0,	4,	1
8ballsuburbandoor		99999.0,	99999.0		0.99,		0.1,		50.0,		0.0,		1.0,	0,	4,	1
;Deadman1			99999.0,	99999.0		0.99,		0.1,		50.0,		0.0,		1.0,	0,	4,	0
;Deadmanoblood			99999.0,	99999.0		0.99,		0.1,		50.0,		0.0,		1.0,	0,	4,	0
barrelexpos			250.0,		150.0		0.99,		0.05,		50.0,		0.0,		1.0,	0,	0,	0
helix_barrier			99999.0,	99999.0		0.99,		0.1,		50.0,		0.0,		1.0,	0,	4,	1
fixed_inside			99999.0,	99999.0		0.99,		0.1,		50.0,		0.0,		1.0,	0,	4,	1
broken_inside			99999.0,	99999.0		0.99,		0.1,		50.0,		0.0,		1.0,	0,	4,	1
fixed_outside			99999.0,	99999.0		0.99,		0.1,		50.0,		0.0,		1.0,	0,	4,	1
broken_outside			99999.0,	99999.0		0.99,		0.1,		50.0,		0.0,		1.0,	0,	4,	1
bridgefuka			99999.0,	99999.0		0.99,		0.1,		50.0,		0.0,		1.0,	0,	4,	1
bridgefukb			99999.0,	99999.0		0.99,		0.1,		50.0,		0.0,		1.0,	0,	4,	1
jm_press			500.0,		5000.0		0.99,		0.05,		50.0,		0.0,		1.0,	1,	0,	0
ballotpapers			500.0,		5000.0		0.99,		0.05,		50.0,		0.0,		1.0,	1,	0,	0
ind_safeh_gdoor			99999.0,	99999.0		0.99,		0.1,		50.0,		0.0,		1.0,	0,	4,	1
Testramp1			99999.0,	99999.0		0.99,		0.1,		50.0,		0.0,		1.0,	0,	4,	0
Testramp2			99999.0,	99999.0		0.99,		0.1,		50.0,		0.0,		1.0,	0,	4,	0
Target_01			99999.0,	99999.0		0.99,		0.1,		50.0,		0.0,		5.0,	50,	4,	1
Target_02			99999.0,	99999.0		0.99,		0.1,		50.0,		0.0,		5.0,	50,	4,	1
Target_03			99999.0,	99999.0		0.99,		0.1,		50.0,		0.0,		5.0,	50,	4,	1
Target_04			99999.0,	99999.0		0.99,		0.1,		50.0,		0.0,		5.0,	50,	4,	1
Target_05			99999.0,	99999.0		0.99,		0.1,		50.0,		0.0,		5.0,	50,	4,	1
door_nthgrage			99999.0,	99999.0		0.99,		0.1,		50.0,		0.0,		1.0,	0,	4,	1
barrel_Strike			250.0,		150.0		0.99,		0.05,		50.0,		0.0,		1.0,	0,	0,	0
Placard01 			250.0,		150.0		0.99,		0.05,		50.0,		0.0,		1.0,	0,	0,	0
Placard02 			250.0,		150.0		0.99,		0.05,		50.0,		0.0,		1.0,	0,	0,	0
door_casa			99999.0,	99999.0		0.99,		0.1,		50.0,		0.0,		1.0,	0,	4,	1
izzy_jdDoor     		99999.0,	99999.0		0.99,		0.1,		50.0,		0.0,		1.0,	0,	4,	1
izzy_jdDoor_slider		99999.0,	99999.0		0.99,		0.1,		50.0,		0.0,		1.0,	0,	4,	1
litehouse_gate			99999.0,	99999.0		0.99,		0.1,		50.0,		0.0,		1.0,	0,	4,	1
Bigbomb 			99999.0,	99999.0		0.99,		0.1,		50.0,		0.0,		5.0,	0,	0,	1
Jm_camtable			99999.0,	99999.0		0.99,		0.1,		50.0,		0.0,		5.0,	50,	4,	1
fs_wrhsedoor      		99999.0,	99999.0		0.99,		0.1,		50.0,		0.0,		1.0,	0,	4,	1
neds_door       		99999.0,	99999.0		0.99,		0.1,		50.0,		0.0,		1.0,	0,	4,	1
small_helix			99999.0,	99999.0		0.99,		0.1,		50.0,		125.0,		1.0,	0,	4,	0
shipdoor     			99999.0,	99999.0		0.99,		0.1,		50.0,		0.0,		1.0,	0,	4,	1
pt_barrier			99999.0,	99999.0		0.99,		0.1,		50.0,		125.0,		1.0,	0,	4,	0
pt_barrier2			99999.0,	99999.0		0.99,		0.1,		50.0,		125.0,		1.0,	0,	4,	0
dossier				99999.0,	99999.0		0.99,		0.1,		50.0,		125.0,		1.0,	0,	4,	0
dr_note				99999.0,	99999.0		0.99,		0.1,		50.0,		0.0,		1.0,	0,	0,	1
jm_ContraGarage			99999.0,	99999.0		0.99,		0.1,		50.0,		0.0,		1.0,	0,	4,	1
jm_salradio			99999.0,	99999.0		0.99,		0.1,		50.0,		0.0,		1.0,	0,	4,	1
jm_pizzabox			10.0,		10.0		0.99,		0.03,		50.0,		0.0, 		2.0,	50,	2,	0
dr_noodlebox			10.0,		10.0		0.99,		0.03,		50.0,		0.0, 		2.0,	50,	2,	0
IZ_mpFlat_01			99999.0,	99999.0		0.99,		0.1,		50.0,		0.0,		1.0,	0,	4,	1
IZ_mpFlat_02			99999.0,	99999.0		0.99,		0.1,		50.0,		0.0,		1.0,	0,	4,	1
IZ_mpFlat_03			99999.0,	99999.0		0.99,		0.1,		50.0,		0.0,		1.0,	0,	4,	1
jm_mpFlat_04			99999.0,	99999.0		0.99,		0.1,		50.0,		0.0,		1.0,	0,	4,	1
IZ_mpFlat_05			99999.0,	99999.0		0.99,		0.1,		50.0,		0.0,		1.0,	0,	4,	1
ca_mpFlat_06			99999.0,	99999.0		0.99,		0.1,		50.0,		0.0,		1.0,	0,	4,	1
ca_mpFlat_07			99999.0,	99999.0		0.99,		0.1,		50.0,		0.0,		1.0,	0,	4,	1
ca_mpFlat_08			99999.0,	99999.0		0.99,		0.1,		50.0,		0.0,		1.0,	0,	4,	1
IZ_SalOffSml			99999.0,	99999.0		0.99,		0.1,		50.0,		0.0,		1.0,	0,	4,	1
learjet_special			99999.0,	99999.0		0.99,		0.1,		50.0,		0.0,		1.0,	0,	4,	1
fuckedup_skewlbus		99999.0,	99999.0		0.99,		0.1,		50.0,		0.0,		1.0,	0,	4,	1
car_fucko			99999.0,	99999.0		0.99,		0.1,		50.0,		0.0,		1.0,	0,	4,	1
Tomplank1			99999.0,	99999.0		0.99,		0.1,		50.0,		0.0,		1.0,	0,	4,	1
Tomplank2			99999.0,	99999.0		0.99,		0.1,		50.0,		0.0,		1.0,	0,	4,	1
Tomplank3			99999.0,	99999.0		0.99,		0.1,		50.0,		0.0,		1.0,	0,	4,	1
Tomplank4			99999.0,	99999.0		0.99,		0.1,		50.0,		0.0,		1.0,	0,	4,	1
Crate_sjl			99999.0,	99999.0		0.99,		0.1,		50.0,		0.0,		1.0,	0,	4,	1
Door1_sjl			99999.0,	99999.0		0.99,		0.1,		50.0,		0.0,		1.0,	0,	4,	1
Door2_sjl			99999.0,	99999.0		0.99,		0.1,		50.0,		0.0,		1.0,	0,	4,	1
jm_imp_SalvGarage		99999.0,	99999.0		0.99,		0.1,		50.0,		0.0,		1.0,	0,	4,	1
jm_export_slash			99999.0,	99999.0		0.99,		0.1,		50.0,		0.0,		1.0,	0,	4,	1
jm_sub_gate			99999.0,	99999.0		0.99,		0.1,		50.0,		0.0,		1.0,	0,	4,	1
jm_sub_gate_left		99999.0,	99999.0		0.99,		0.1,		50.0,		0.0,		1.0,	0,	4,	1
jm_sub_gate_right		99999.0,	99999.0		0.99,		0.1,		50.0,		0.0,		1.0,	0,	4,	1
jm_Electricgate			99999.0,	99999.0		0.99,		0.1,		50.0,		0.0,		1.0,	0,	4,	1
SJL_PortaCabinred		99999.0,	99999.0		0.99,		0.1,		50.0,		0.0,		1.0,	0,	4,	1
SJL_PortaCabin			99999.0,	99999.0		0.99,		0.1,		50.0,		0.0,		1.0,	0,	4,	1
SJL_rPole_flag			99999.0,	99999.0		0.99,		0.1,		50.0,		0.0,		1.0,	0,	4,	1
SJL_bPole_flag			99999.0,	99999.0		0.99,		0.1,		50.0,		0.0,		1.0,	0,	4,	1
iz_bogRoll			99999.0,	99999.0		0.99,		0.1,		50.0,		0.0,		1.0,	0,	4,	1
Jm_sawblade			99999.0,	99999.0		0.99,		0.1,		50.0,		0.0,		1.0,	0,	4,	1
jm_manmeat 			99999.0,	99999.0		0.99,		0.1,		50.0,		0.0,		5.0,	0,	0,	1
jm_dynamite			99999.0,	99999.0		0.99,		0.1,		50.0,		0.0,		5.0,	0,	0,	1
iz_policeBar			60.0,		150.0		0.8,		0.02,		50.0,		20.0,		1.0,	60,	0,	0
learjet_flying			99999.0,	99999.0		0.99,		0.1,		50.0,		0.0,		1.0,	0,	4,	1
Streetlamp1,			99999.0,	99999.0		0.99,		0.1,		50.0,		0.0,		1.0,	0,	4,	1
Streetlamp2,			99999.0,	99999.0		0.99,		0.1,		50.0,		0.0,		1.0,	0,	4,	1
doc_floodlite,			99999.0,	99999.0		0.99,		0.1,		50.0,		0.0,		1.0,	0,	4,	1
iz_Door_BrnFr 			99999.0,	99999.0		0.99,		0.1,		50.0,		0.0,		1.0,	0,	4,	1
dr_holepaper,			99999.0,	99999.0		0.99,		0.1,		50.0,		0.0,		1.0,	0,	0,	1
Iz_noodleMess,			99999.0,	99999.0		0.99,		0.1,		50.0,		0.0,		1.0,	0,	4,	1
jm_sawmill_door,		99999.0,	99999.0		0.99,		0.1,		50.0,		0.0,		1.0,	0,	0,	1
tosh_bcage,			99999.0,	99999.0		0.99,		0.1,		50.0,		0.0,		1.0,	0,	0,	1
dr_subgatea,			99999.0,	99999.0		0.99,		0.1,		50.0,		0.0,		1.0,	0,	0,	1
dr_subgateb,			99999.0,	99999.0		0.99,		0.1,		50.0,		0.0,		1.0,	0,	0,	1
script_salchair,		99999.0,	99999.0		0.99,		0.1,		50.0,		0.0,		1.0,	0,	0,	1
pm_subgatesam1,			99999.0,	99999.0		0.99,		0.1,		50.0,		0.0,		1.0,	0,	0,	1
pm_subgatesam2,			99999.0,	99999.0		0.99,		0.1,		50.0,		0.0,		1.0,	0,	0,	1
dr_wheeliebinA			900.0,	900.0		0.99,		0.05,		50.0,		0.0,			1.0,	0,	0,	0	
dr_wheeliebinB			900.0,	900.0		0.99,		0.05,		50.0,		0.0,			1.0,	0,	0,	0
chinalanterns			99999.0,	99999.0		0.99,		0.1,		50.0,		0.0,			1.0,	0,	0,	0
dr_billboard1			99999.0,	99999.0		0.99,		0.1,		50.0,		0.0,			1.0,	0,	0,	1
trans_lights01			99999.0,	99999.0		0.99,		0.1,		50.0,		0.0,			1.0,	0,	0,	0
trans_lights02			99999.0,	99999.0		0.99,		0.1,		50.0,		0.0,			1.0,	0,	0,	0
trans_lights03			99999.0,	99999.0		0.99,		0.1,		50.0,		0.0,			1.0,	0,	0,	0
dr_binbag				100.0,	100.0,		0.99,		0.1,		50.0,		0.0,			1.0,	100,	0,	0
sub_billboard1			99999.0,	99999.0		0.99,		0.1,		50.0,		0.0,			1.0,	0,	0,	1
* ;end of file
